version = 'MMult_1x4_4';
MY_MMult = [
40 1.828571e+00 0.000000e+00 
80 1.678689e+00 0.000000e+00 
120 1.625588e+00 0.000000e+00 
160 1.597815e+00 0.000000e+00 
200 1.583218e+00 0.000000e+00 
240 1.574308e+00 0.000000e+00 
280 1.566489e+00 0.000000e+00 
320 1.558303e+00 0.000000e+00 
360 1.545412e+00 0.000000e+00 
400 1.533485e+00 0.000000e+00 
440 1.519921e+00 0.000000e+00 
480 1.498658e+00 0.000000e+00 
520 1.494590e+00 0.000000e+00 
560 1.492445e+00 0.000000e+00 
600 1.495369e+00 0.000000e+00 
640 1.493353e+00 0.000000e+00 
680 1.490393e+00 0.000000e+00 
720 1.488218e+00 0.000000e+00 
760 1.481593e+00 0.000000e+00 
800 1.462218e+00 0.000000e+00 
];
