version = 'MMult_4x4_10';
MY_MMult = [
40 4.923077e+00 2.664535e-15 
80 7.013699e+00 7.105427e-15 
120 6.127660e+00 1.065814e-14 
160 6.159398e+00 1.421085e-14 
200 5.614035e+00 1.421085e-14 
240 6.056517e+00 1.776357e-14 
280 5.962787e+00 1.776357e-14 
320 5.558138e+00 2.842171e-14 
360 5.315712e+00 2.309264e-14 
400 5.379055e+00 2.842171e-14 
440 5.263307e+00 3.197442e-14 
480 5.214267e+00 3.907985e-14 
520 5.186765e+00 3.907985e-14 
560 5.172174e+00 4.618528e-14 
600 5.169443e+00 4.263256e-14 
640 5.398019e+00 4.440892e-14 
680 5.368803e+00 5.329071e-14 
720 5.327700e+00 4.973799e-14 
760 5.306866e+00 4.973799e-14 
800 5.211037e+00 4.973799e-14 
];
