version = 'MMult_4x4_13';
MY_MMult = [
40 6.095238e+00 2.664535e-15 
80 6.440252e+00 7.105427e-15 
120 6.496241e+00 1.065814e-14 
160 6.470774e+00 1.421085e-14 
200 6.512007e+00 2.131628e-14 
240 6.570342e+00 2.486900e-14 
280 6.511048e+00 2.842171e-14 
320 6.524890e+00 3.552714e-14 
360 6.570805e+00 4.973799e-14 
400 6.320676e+00 4.973799e-14 
440 6.544812e+00 4.973799e-14 
480 6.563713e+00 6.039613e-14 
520 6.544778e+00 6.394885e-14 
560 6.553936e+00 6.750156e-14 
600 6.563255e+00 7.460699e-14 
640 6.522942e+00 8.171241e-14 
680 6.541944e+00 9.237056e-14 
720 6.552694e+00 1.101341e-13 
760 6.533256e+00 1.065814e-13 
800 6.449459e+00 8.881784e-14 
];
