version = 'MMult_4x4_14';
MY_MMult = [
40 5.818182e+00 2.664535e-15 
80 6.360248e+00 7.105427e-15 
120 6.496241e+00 1.065814e-14 
160 6.370140e+00 1.421085e-14 
200 6.469875e+00 2.131628e-14 
240 6.468882e+00 2.486900e-14 
280 6.405603e+00 2.842171e-14 
320 6.450394e+00 3.552714e-14 
360 6.498503e+00 4.973799e-14 
400 6.065201e+00 4.973799e-14 
440 6.163598e+00 4.973799e-14 
480 6.277395e+00 6.039613e-14 
520 6.254804e+00 6.394885e-14 
560 6.157320e+00 6.750156e-14 
600 6.472298e+00 7.460699e-14 
640 6.510711e+00 8.171241e-14 
680 6.467532e+00 9.237056e-14 
720 6.476009e+00 1.101341e-13 
760 6.475145e+00 1.065814e-13 
800 6.470038e+00 8.881784e-14 
];
