version = 'MMult_4x4_9';
MY_MMult = [
40 2.560000e+00 2.664535e-15 
80 2.522167e+00 7.105427e-15 
120 5.212670e+00 1.065814e-14 
160 5.142498e+00 1.421085e-14 
200 5.006258e+00 1.421085e-14 
240 4.879633e+00 1.776357e-14 
280 4.687093e+00 1.776357e-14 
320 4.027037e+00 2.842171e-14 
360 3.579973e+00 2.309264e-14 
400 3.475900e+00 2.842171e-14 
440 4.196980e+00 3.197442e-14 
480 4.374078e+00 3.907985e-14 
520 4.304810e+00 3.907985e-14 
560 4.240345e+00 4.618528e-14 
600 4.137495e+00 4.263256e-14 
640 4.117003e+00 4.440892e-14 
680 4.825130e+00 5.329071e-14 
720 4.685161e+00 4.973799e-14 
760 4.650071e+00 4.973799e-14 
800 4.581737e+00 4.973799e-14 
];
