version = 'MMult_1x4_3';
MY_MMult = [
40 1.802817e+00 0.000000e+00 
80 1.675941e+00 0.000000e+00 
120 1.627119e+00 0.000000e+00 
160 1.594084e+00 0.000000e+00 
200 1.583218e+00 0.000000e+00 
240 1.574846e+00 0.000000e+00 
280 1.565428e+00 0.000000e+00 
320 1.555972e+00 0.000000e+00 
360 1.546309e+00 0.000000e+00 
400 1.533963e+00 0.000000e+00 
440 1.517349e+00 0.000000e+00 
480 1.499410e+00 0.000000e+00 
520 1.495368e+00 0.000000e+00 
560 1.493289e+00 0.000000e+00 
600 1.495353e+00 0.000000e+00 
640 1.494145e+00 0.000000e+00 
680 1.483201e+00 0.000000e+00 
720 1.483910e+00 0.000000e+00 
760 1.488153e+00 0.000000e+00 
800 1.395658e+00 0.000000e+00 
];
