version = 'MMult_1x4_6';
MY_MMult = [
40 4.266667e+00 2.664535e-15 
80 4.591928e+00 7.105427e-15 
120 4.682927e+00 1.065814e-14 
160 4.740741e+00 1.421085e-14 
200 4.761905e+00 1.421085e-14 
240 4.777605e+00 1.776357e-14 
280 4.578580e+00 1.776357e-14 
320 4.534422e+00 2.842171e-14 
360 4.308829e+00 2.309264e-14 
400 4.099411e+00 2.842171e-14 
440 3.954597e+00 3.197442e-14 
480 3.922119e+00 3.907985e-14 
520 3.909198e+00 3.907985e-14 
560 3.918469e+00 4.618528e-14 
600 3.902651e+00 4.263256e-14 
640 3.931639e+00 4.440892e-14 
680 3.925910e+00 5.329071e-14 
720 3.903227e+00 4.973799e-14 
760 3.868465e+00 4.973799e-14 
800 3.595859e+00 4.973799e-14 
];
