version = 'MMult0';
MY_MMult = [
40 1.753425e+00 0.000000e+00 
80 1.659643e+00 0.000000e+00 
120 1.617978e+00 0.000000e+00 
160 1.591916e+00 0.000000e+00 
200 1.570938e+00 0.000000e+00 
240 1.557020e+00 0.000000e+00 
280 1.539735e+00 0.000000e+00 
320 1.518619e+00 0.000000e+00 
360 1.506709e+00 0.000000e+00 
400 1.498373e+00 0.000000e+00 
440 1.496806e+00 0.000000e+00 
480 1.492288e+00 0.000000e+00 
520 1.490589e+00 0.000000e+00 
560 1.491152e+00 0.000000e+00 
600 1.489974e+00 0.000000e+00 
640 1.490246e+00 0.000000e+00 
680 1.489095e+00 0.000000e+00 
720 1.491459e+00 0.000000e+00 
760 1.490768e+00 0.000000e+00 
800 1.455368e+00 0.000000e+00 
];
