version = 'MMult_4x4_12';
MY_MMult = [
40 4.923077e+00 2.664535e-15 
80 4.718894e+00 7.105427e-15 
120 4.608000e+00 1.065814e-14 
160 4.563788e+00 1.421085e-14 
200 4.628290e+00 2.131628e-14 
240 4.614922e+00 2.486900e-14 
280 4.579535e+00 2.842171e-14 
320 4.608720e+00 3.552714e-14 
360 4.596650e+00 4.973799e-14 
400 4.299197e+00 4.973799e-14 
440 4.588295e+00 4.973799e-14 
480 4.619163e+00 6.039613e-14 
520 4.493919e+00 6.394885e-14 
560 4.564181e+00 6.750156e-14 
600 4.519348e+00 7.460699e-14 
640 4.528508e+00 8.171241e-14 
680 4.774792e+00 9.237056e-14 
720 4.813774e+00 1.101341e-13 
760 4.772386e+00 1.065814e-13 
800 4.736070e+00 8.881784e-14 
];
