version = 'MMult_1x4_9';
MY_MMult = [
40 5.565217e+00 2.664535e-15 
80 5.446809e+00 7.105427e-15 
120 5.628664e+00 1.065814e-14 
160 5.501679e+00 1.421085e-14 
200 5.629838e+00 1.421085e-14 
240 5.551807e+00 1.776357e-14 
280 5.308185e+00 1.776357e-14 
320 4.765561e+00 2.842171e-14 
360 4.490039e+00 2.309264e-14 
400 4.178364e+00 2.842171e-14 
440 4.069656e+00 3.197442e-14 
480 4.014374e+00 3.907985e-14 
520 4.017716e+00 3.907985e-14 
560 4.024060e+00 4.618528e-14 
600 4.011477e+00 4.263256e-14 
640 4.032054e+00 4.440892e-14 
680 4.030379e+00 5.329071e-14 
720 4.014175e+00 4.973799e-14 
760 3.928250e+00 4.973799e-14 
