version = 'MMult_1x4_8';
MY_MMult = [
40 5.565217e+00 2.664535e-15 
80 5.565217e+00 7.105427e-15 
120 5.619512e+00 1.065814e-14 
160 5.432361e+00 1.421085e-14 
200 5.530591e+00 1.421085e-14 
240 5.499901e+00 1.776357e-14 
280 5.099187e+00 1.776357e-14 
320 4.791344e+00 2.842171e-14 
360 4.484645e+00 2.309264e-14 
400 4.235746e+00 2.842171e-14 
440 4.068004e+00 3.197442e-14 
480 3.996025e+00 3.907985e-14 
520 4.015995e+00 3.907985e-14 
560 4.022493e+00 4.618528e-14 
600 4.032860e+00 4.263256e-14 
640 4.040911e+00 4.440892e-14 
680 4.031386e+00 5.329071e-14 
720 4.032803e+00 4.973799e-14 
760 3.834203e+00 4.973799e-14 
800 3.706438e+00 4.973799e-14 
];
