version = 'MMult_1x4_7';
MY_MMult = [
40 5.120000e+00 2.664535e-15 
80 5.224490e+00 7.105427e-15 
120 5.374806e+00 1.065814e-14 
160 5.490617e+00 1.421085e-14 
200 5.494505e+00 1.421085e-14 
240 5.422240e+00 1.776357e-14 
280 5.156078e+00 1.776357e-14 
320 4.723996e+00 2.842171e-14 
360 4.369767e+00 2.309264e-14 
400 4.139314e+00 2.842171e-14 
440 3.976473e+00 3.197442e-14 
480 3.933419e+00 3.907985e-14 
520 3.936064e+00 3.907985e-14 
560 3.939831e+00 4.618528e-14 
600 3.928451e+00 4.263256e-14 
640 3.935682e+00 4.440892e-14 
680 3.931727e+00 5.329071e-14 
720 3.939210e+00 4.973799e-14 
760 3.892770e+00 4.973799e-14 
800 3.673978e+00 4.973799e-14 
];
