version = 'MMult1';
MY_MMult = [
40 1.802817e+00 0.000000e+00 
80 1.686985e+00 0.000000e+00 
120 1.648069e+00 0.000000e+00 
160 1.617374e+00 0.000000e+00 
200 1.595851e+00 0.000000e+00 
240 1.582871e+00 0.000000e+00 
280 1.571030e+00 0.000000e+00 
320 1.541298e+00 0.000000e+00 
360 1.521276e+00 0.000000e+00 
400 1.489515e+00 0.000000e+00 
440 1.443332e+00 0.000000e+00 
480 1.396575e+00 0.000000e+00 
520 1.385150e+00 0.000000e+00 
560 1.382166e+00 0.000000e+00 
600 1.380518e+00 0.000000e+00 
640 1.380221e+00 0.000000e+00 
680 1.378749e+00 0.000000e+00 
720 1.377162e+00 0.000000e+00 
760 1.367456e+00 0.000000e+00 
800 1.307971e+00 0.000000e+00 
];
