version = 'MMult_1x4_5';
MY_MMult = [
40 2.327273e+00 0.000000e+00 
80 2.151261e+00 0.000000e+00 
120 1.301695e+00 0.000000e+00 
160 1.288658e+00 0.000000e+00 
200 1.269036e+00 0.000000e+00 
240 1.364659e+00 0.000000e+00 
280 2.004657e+00 0.000000e+00 
320 1.934585e+00 0.000000e+00 
360 1.859990e+00 0.000000e+00 
400 1.816891e+00 0.000000e+00 
440 1.797567e+00 0.000000e+00 
480 1.796535e+00 0.000000e+00 
520 1.792098e+00 0.000000e+00 
560 1.793327e+00 0.000000e+00 
600 1.785581e+00 0.000000e+00 
640 1.779763e+00 0.000000e+00 
680 1.777225e+00 0.000000e+00 
720 1.790064e+00 0.000000e+00 
760 1.788377e+00 0.000000e+00 
800 1.768038e+00 0.000000e+00 
];
