version = 'MMult2';
MY_MMult = [
40 1.828571e+00 0.000000e+00 
80 1.689769e+00 0.000000e+00 
120 1.618735e+00 0.000000e+00 
160 1.594705e+00 0.000000e+00 
200 1.585886e+00 0.000000e+00 
240 1.571713e+00 0.000000e+00 
280 1.566266e+00 0.000000e+00 
320 1.551148e+00 0.000000e+00 
360 1.541812e+00 0.000000e+00 
400 1.524281e+00 0.000000e+00 
440 1.510716e+00 0.000000e+00 
480 1.499746e+00 0.000000e+00 
520 1.496069e+00 0.000000e+00 
560 1.494000e+00 0.000000e+00 
600 1.488931e+00 0.000000e+00 
640 1.491836e+00 0.000000e+00 
680 1.492912e+00 0.000000e+00 
720 1.487210e+00 0.000000e+00 
760 1.482446e+00 0.000000e+00 
800 1.394425e+00 0.000000e+00 
];
